1 0.10917777777777779 0.3596 0.05904444444444445 0.0809
1 0.2869333333333333 0.37729999999999997 0.11453333333333333 0.14543333333333333
1 0.4198222222222222 0.4002 0.1442 0.21623333333333336
1 0.5825777777777779 0.49683333333333335 0.1696888888888889 0.20953333333333332
1 0.32762222222222226 0.5306000000000001 0.03757777777777778 0.052066666666666664
1 0.4063555555555556 0.5393666666666667 0.04226666666666667 0.0612
1 0.7922666666666667 0.5810000000000001 0.1612888888888889 0.21113333333333334
1 0.9386222222222222 0.6832333333333334 0.10402222222222222 0.25316666666666665
1 0.06002222222222223 0.14863333333333334 0.04404444444444444 0.0631
1 0.017155555555555556 0.1857 0.03428888888888889 0.06223333333333334
1 0.13195555555555555 0.19363333333333335 0.0268 0.03643333333333333
1 0.2454222222222222 0.20113333333333336 0.0176 0.03473333333333333
1 0.2732 0.20216666666666666 0.0176 0.03266666666666667
1 0.2826222222222222 0.22776666666666667 0.03648888888888889 0.038066666666666665
1 0.2106888888888889 0.2315333333333333 0.053733333333333334 0.07056666666666667
1 0.045177777777777775 0.23776666666666665 0.033777777777777775 0.0414
1 0.10697777777777778 0.24506666666666665 0.04348888888888889 0.0768
1 0.08113333333333334 0.2782 0.0196 0.030533333333333332
1 0.1693111111111111 0.3021333333333333 0.07651111111111111 0.11590000000000002
1 0.22611111111111112 0.3136 0.054 0.07633333333333332