1 0.5938974358974359 0.35760714285714285 0.058512820512820515 0.07989285714285714
1 0.550923076923077 0.37314285714285716 0.04797435897435898 0.052142857142857144
1 0.4221282051282051 0.39685714285714285 0.04982051282051282 0.028214285714285716
1 0.4661794871794872 0.4025357142857143 0.029307692307692305 0.02692857142857143
1 0.3781025641025641 0.4090714285714286 0.03415384615384615 0.027357142857142858
1 0.5376410256410257 0.4094642857142857 0.05761538461538461 0.03660714285714286
1 0.5121794871794871 0.42964285714285716 0.0337948717948718 0.04332142857142857
1 0.5435384615384615 0.4397142857142857 0.0362051282051282 0.029857142857142856
1 0.4103846153846154 0.44475 0.020256410256410257 0.023142857142857146
1 0.4646666666666667 0.4489642857142857 0.044384615384615383 0.06514285714285714
1 0.3657435897435897 0.45653571428571427 0.03958974358974359 0.029857142857142856
1 0.4314871794871795 0.4808928571428572 0.05041025641025641 0.044964285714285714
1 0.3958974358974359 0.4928571428571429 0.027512820512820516 0.04789285714285715
1 0.31446153846153846 0.5002142857142857 0.045641025641025644 0.05
1 0.3657435897435897 0.5021071428571429 0.03958974358974359 0.04957142857142857
1 0.2132820512820513 0.5533571428571429 0.04535897435897436 0.03442857142857143
1 0.3434102564102564 0.5594285714285714 0.06733333333333334 0.05917857142857143
1 0.24615384615384617 0.6022857142857142 0.032692307692307694 0.04403571428571429
1 0.23287179487179485 0.6524642857142857 0.030282051282051282 0.047785714285714286
1 0.024025641025641024 0.7003571428571428 0.0378974358974359 0.04271428571428572
1 0.2364871794871795 0.7041428571428572 0.03751282051282052 0.04189285714285714
1 0.0776923076923077 0.7102142857142858 0.03666666666666667 0.04985714285714286
1 0.05251282051282052 0.7368928571428572 0.019487179487179485 0.04017857142857143
1 0.9694102564102564 0.07678571428571429 0.03123076923076923 0.0435
1 0.9323076923076924 0.09675 0.035487179487179485 0.054
1 0.9056153846153846 0.12489285714285714 0.02130769230769231 0.034678571428571434
1 0.9041025641025642 0.15828571428571428 0.06051282051282052 0.055214285714285716
1 0.8082051282051281 0.2002857142857143 0.07382051282051282 0.08882142857142858
1 0.7566153846153846 0.21667857142857144 0.0491025641025641 0.07957142857142857
1 0.724051282051282 0.26139285714285715 0.04428205128205128 0.064
1 0.6394615384615384 0.31285714285714283 0.022897435897435897 0.04507142857142857
1 0.6741282051282051 0.33785714285714286 0.025897435897435896 0.032035714285714285