1 0.7046157472890147 0.19243988684582744 0.0471004243281471 0.0869024045261669
1 0.33001414427157005 0.2907142857142857 0.052253653936822256 0.09014851485148515
1 0.6031023102310231 0.29493635077793495 0.12695898161244695 0.2023267326732673
1 0.7014757190004715 0.32794908062234795 0.04081565299387081 0.09860678925035361
1 0.42099481376709097 0.33408062234794905 0.03619519094766619 0.04487270155586987
1 0.489033474776049 0.3423196605374823 0.03082979726544083 0.10378359264497879
1 0.5195190947666196 0.35482319660537487 0.02264969354078265 0.04863507779349363
1 0.3780952380952381 0.3623620933521924 0.04155115511551155 0.06371287128712871
1 0.4511645450259311 0.3755586987270155 0.033672795851013675 0.05239038189533239
1 0.4466006600660066 0.4825459688826026 0.07798679867986799 0.10606082036775107
1 0.31366808109382366 0.49032531824611036 0.05728901461574729 0.09804101838755304
1 0.09855728429985855 0.49787128712871287 0.07024516737388024 0.07541725601131542
1 0.5463790664780763 0.5322418670438472 0.11723243752946723 0.30446251768033944
1 0.37133899104196133 0.5346393210749647 0.0248986327204149 0.035799151343705794
1 0.6243187175860444 0.5810537482319661 0.07195662423385196 0.12391796322489392